0.39789 0.11400 0.00268 0.00001 0.00000 0.11400 0.03266 0.00077 0.00000 0.00000 0.00268 0.00077 0.00002 0.00000 0.00000 0.00001 0.00000 0.00000 0.00000 0.00000 0.00000 0.00000 0.00000 0.00000 0.00000
0.03266 0.11400 0.03266 0.00077 0.00000 0.11400 0.39789 0.11400 0.00268 0.00001 0.03266 0.11400 0.03266 0.00077 0.00000 0.00077 0.00268 0.00077 0.00002 0.00000 0.00000 0.00001 0.00000 0.00000 0.00000
0.00002 0.00077 0.00268 0.00077 0.00002 0.00077 0.03266 0.11400 0.03266 0.00077 0.00268 0.11400 0.39789 0.11400 0.00268 0.00077 0.03266 0.11400 0.03266 0.00077 0.00002 0.00077 0.00268 0.00077 0.00002
0.00000 0.00000 0.00000 0.00001 0.00000 0.00000 0.00002 0.00077 0.00268 0.00077 0.00000 0.00077 0.03266 0.11400 0.03266 0.00001 0.00268 0.11400 0.39789 0.11400 0.00000 0.00077 0.03266 0.11400 0.03266
0.00000 0.00000 0.00000 0.00000 0.00000 0.00000 0.00000 0.00000 0.00000 0.00000 0.00000 0.00000 0.00002 0.00049 0.00088 0.00000 0.00000 0.00091 0.02087 0.03749 0.00000 0.00001 0.00318 0.07283 0.13086
