0.39789 0.11400 0.00268 0.00001 0.00000 0.11400 0.03266 0.00077 0.00000 0.00000 0.00268 0.00077 0.00002 0.00000 0.00000 0.00001 0.00000 0.00000 0.00000 0.00000 0.00000 0.00000 0.00000 0.00000 0.00000
0.03266 0.11400 0.03266 0.00077 0.00000 0.11400 0.39789 0.11400 0.00268 0.00001 0.03266 0.11400 0.03266 0.00077 0.00000 0.00077 0.00268 0.00077 0.00002 0.00000 0.00000 0.00001 0.00000 0.00000 0.00000
0.00002 0.00077 0.00268 0.00077 0.00002 0.00077 0.03266 0.11400 0.03266 0.00077 0.00268 0.11400 0.39789 0.11400 0.00268 0.00077 0.03266 0.11400 0.03266 0.00077 0.00002 0.00077 0.00268 0.00077 0.00002
0.00000 0.00000 0.00000 0.00001 0.00000 0.00000 0.00002 0.00077 0.00268 0.00077 0.00000 0.00077 0.03266 0.11400 0.03266 0.00001 0.00268 0.11400 0.39789 0.11400 0.00000 0.00077 0.03266 0.11400 0.03266
0.00000 0.00000 0.00000 0.00000 0.00000 0.00000 0.00000 0.00000 0.00000 0.00000 0.00000 0.00000 0.00001 0.00020 0.00034 0.00000 0.00000 0.00039 0.00855 0.01454 0.00000 0.00000 0.00135 0.02983 0.05074
