0.39789 0.11400 0.00268 0.00001 0.00000 0.11400 0.03266 0.00077 0.00000 0.00000 0.00268 0.00077 0.00002 0.00000 0.00000 0.00001 0.00000 0.00000 0.00000 0.00000 0.00000 0.00000 0.00000 0.00000 0.00000
0.03266 0.11400 0.03266 0.00077 0.00000 0.11400 0.39789 0.11400 0.00268 0.00001 0.03266 0.11400 0.03266 0.00077 0.00000 0.00077 0.00268 0.00077 0.00002 0.00000 0.00000 0.00001 0.00000 0.00000 0.00000
0.00002 0.00077 0.00268 0.00077 0.00002 0.00077 0.03266 0.11400 0.03266 0.00077 0.00268 0.11400 0.39789 0.11400 0.00268 0.00077 0.03266 0.11400 0.03266 0.00077 0.00002 0.00077 0.00268 0.00077 0.00002
0.00000 0.00000 0.00000 0.00001 0.00000 0.00000 0.00002 0.00077 0.00268 0.00077 0.00000 0.00077 0.03266 0.11400 0.03266 0.00001 0.00268 0.11400 0.39789 0.11400 0.00000 0.00077 0.03266 0.11400 0.03266
0.00000 0.00000 0.00000 0.00000 0.00000 0.00000 0.00000 0.00000 0.00000 0.00000 0.00000 0.00000 0.00004 0.00107 0.00203 0.00000 0.00001 0.00191 0.04556 0.08646 0.00000 0.00002 0.00667 0.15902 0.30177
